Starting script...
Decrypted successfully, loading workbook...
Sheet names: ['AI-Automation-workings', 'Integrating with AX cost center']
====================================================================================================
SHEET: AI-Automation-workings
Max rows: 96, Max cols: 68
====================================================================================================
R  1: [(2, 0.0525), (3, 0.0525), (4, 129357.95000000001), (5, 1819.44), (6, 1300), (7, 4999.17), (8, 4070), (9, 5000), (10, 3963.2), (12, 5000), (13, 6624.77), (14, 3420.1), (15, 2500), (16, 5000), (17, 5000), (18, 2718.58), (19, 4752.37), (20, 4000), (21, 4902), (22, 4999), (23, 4845), (24, 4999.05), (25, 5000), (26, 5000), (27, 5000), (30, 4977.27), (31, 5000), (32, 5000), (33, 4500), (34, 5000)]
R  2: [(4, 'Role ∆'), (5, 0.10250000000000001), (6, 0.0525), (7, 0.0525), (8, 0.0525), (9, 0), (10, 0.0525), (11, 0.0525), (12, 0.0525), (13, 0.0525), (14, 0.0525), (15, 0.0525), (16, 0.0525), (17, 0.0525), (18, 0.0525), (19, 0.0525), (20, 0.0525), (21, 0.0525), (22, 0.0525), (23, 0.0525), (24, 0.0525), (25, 0.0525), (26, 0.0525), (27, 0.0525), (28, 0.0525), (29, 0.0525), (30, 0.0525), (31, 0.0525), (32, 0.0525), (33, 0.0525)]
R  4: [(4, 5630707.741731945), (5, 361044.6737895263), (6, 418601.3676652499), (7, 228629.86361042265), (8, 148000), (9, 500000), (10, 418416.0000000001), (11, 285206.25), (12, 344244.5457773437), (13, 344244.5457773437), (14, 347779.772025095), (15, 340633.125), (16, 300000), (17, 0), (18, 122692.49999999999), (19, 91481.25), (20, 80649.87), (21, 86120.69075075538), (22, 54580.78202656269), (23, 45417.75), (24, 49938), (25, 49959.994999999995), (26, 45418), (27, 45417.75), (28, 45417.75), (29, 45417.75), (30, 45417.75), (31, 42200), (32, 42200), (33, 42200)]
R  5: [(5, '1'), (6, '2'), (7, '3'), (8, '4'), (9, '5'), (10, '6'), (11, '7'), (12, '7'), (13, '8'), (14, '9'), (15, '10'), (16, '11'), (17, '13'), (18, '12'), (19, '13'), (20, '14'), (21, '15'), (22, '16'), (23, '17'), (24, '18'), (25, '19'), (26, '20'), (27, '21'), (28, '22'), (29, '23'), (30, '24'), (31, '25'), (32, '26'), (33, '27'), (34, '28')]
R  6: [(5, 37007.07906342647), (6, 21976.571802425606), (7, 12003.067839547177), (8, 7770), (9, 50000), (10, 21966.840000000026), (11, -285206.25), (12, -344244.5457773437), (13, 18072.83865331055), (14, 18258.43803131749), (15, 17883.23906250001), (16, 15750), (17, 250000), (18, 6441.356249999997), (19, 4802.765625), (20, 4234.118174999996), (21, 4521.336264414655), (22, 2865.4910563945377), (23, 2384.431875000002), (24, 2621.7450000000026), (25, 2622.8997374999963), (26, 2384.4449999999997), (27, 2384.431875000002), (36, 18268.15306988283), (37, 2616.3178748437495), (38, 8017.768420741406), (39, 2270.2717887321487), (40, 3224.272176239101), (41, 2047.5), (42, 7492.5)]
R  7: [(3, 379000), (4, 'TOTAL')]
R  8: [(3, -39416.00000000012), (5, '1000'), (6, '1001'), (7, '1002'), (8, '1003'), (9, '1004'), (10, '1005'), (11, '1006'), (12, '1007'), (13, '1008'), (14, '1009'), (15, '1010'), (16, '1011'), (17, '1012'), (18, '1013'), (19, '1014'), (20, '1015'), (21, '1016'), (22, '1017'), (23, '1018'), (24, '1019'), (25, '1020'), (26, '1021'), (27, '1022'), (28, '1023'), (29, '1024'), (30, '1025'), (31, '1026'), (32, '1027'), (33, '1028')]
R  9: [(1, 'BASIC SALARY'), (3, 430732.85848893225), (4, 6061440.600220878), (5, 398051.75285295275), (6, 440577.9394676755), (7, 240632.93144996982), (8, 155770), (9, 550000), (10, 440382.84000000014), (12, 400000), (13, 362317.38443065423), (14, 366038.2100564125), (15, 358516.3640625), (16, 315750), (17, 250000), (18, 129133.85624999998), (19, 96284.015625), (20, 84883.98817499999), (21, 90642.02701517004), (22, 57446.273082957225), (23, 47802.181875), (24, 52559.745), (25, 52582.89473749999), (26, 47802.445), (27, 47802.181875), (28, 0), (30, 47802.181875), (31, 44415.5), (32, 44415.5), (33, 44415.5)]
R 10: [(1, 'Arrears'), (2, 0), (3, -0.09420289855072489), (4, 0)]
R 11: [(1, 'Tax compensation'), (2, 0), (4, 271955.9506), (5, 0), (6, 0), (7, 0), (10, 57039.510599999994), (11, 0), (12, 0), (13, 53729.11), (14, 53729.11), (15, 53729.11), (16, 53729.11), (17, 0), (18, 0), (19, 0), (20, 0), (21, 0), (22, 0), (23, 0), (24, 0), (25, 0), (26, 0), (27, 0), (28, 0), (29, 0), (30, 0), (31, 0), (32, 0), (33, 0)]
R 12: [(1, 'Mobile phone-Benefit'), (2, 157716), (4, 38807.385), (5, 545.832), (6, 390), (7, 1499.751), (8, 1221), (9, 1500), (10, 1188.9599999999998), (11, 0), (12, 1500), (13, 1987.431), (14, 1026.03), (15, 750), (16, 1500), (17, 1500), (18, 815.574), (19, 1425.711), (20, 1200), (21, 1470.6), (22, 1499.7), (23, 1453.5), (24, 1499.715), (25, 1500), (26, 1500), (27, 1500), (28, 0), (29, 0), (30, 1493.181), (31, 1500)]
R 13: [(1, 'Meals benefit'), (4, 15000), (7, 600), (8, 600), (9, 0), (17, 0), (18, 600), (19, 600), (20, 600), (23, 600), (36, 600), (37, 600), (38, 600), (39, 600), (40, 600), (41, 600), (42, 600), (43, 600), (44, 600), (45, 600), (46, 600), (47, 600), (48, 600), (49, 600), (50, 600), (51, 600), (52, 600), (53, 600), (54, 600)]
R 14: [(1, 'Car/FBT benefit'), (2, -157716), (3, 735284.2624), (4, 681476.8774), (7, 6666.666666666667), (8, 6666.666666666667), (10, 160005.1574), (13, 125367.93), (14, 125367.93), (15, 125367.93), (16, 125367.93), (18, 6666.666666666667)]
R 15: [(1, 'OT allowance'), (4, 27353.827750239427), (5, 0), (6, 0), (7, 0), (8, 0), (9, 0), (10, 0), (11, 0), (12, 0), (13, 0), (14, 0), (15, 0), (16, 0), (17, 0), (18, 0), (37, 10728.60219457031), (38, 0), (39, 1163.6985670327522), (40, 0), (41, 0), (42, 0), (43, 0), (44, 2987.066761363636), (45, 0), (46, 0), (47, 968.7784090909091), (48, 0), (49, 2301.1363636363635), (50, 1227.2727272727275)]
R 16: [(1, 'Bonus/Gain share/Commission'), (2, 6378341.659565719), (3, 299309.7783502394), (4, 0), (9, 0), (12, 0), (48, 0), (49, 0), (50, 0), (51, 0), (52, 0), (53, 0), (54, 0), (57, 14154.275625)]
R 17: [(1, 'Transport allowance'), (2, 6133879.159565719), (4, 97869.86999999997), (5, 0), (7, 5437.215), (8, 5437.215), (17, 0), (18, 5437.215), (19, 5437.215), (20, 5437.215), (24, 0), (37, 5437.215), (38, 5437.215), (39, 5437.215), (40, 5437.215), (41, 5437.215), (42, 5437.215), (43, 5437.215), (44, 5437.215), (45, 5437.215), (46, 5437.215), (47, 5437.215), (48, 5437.215), (49, 5437.215)]
R 18: [(1, 'Severance/Ex-gratia/Service'), (4, 0), (5, 0), (6, 0), (7, 0), (8, 0), (9, 0), (10, 0), (13, 0), (14, 0), (15, 0), (16, 0), (17, 0), (18, 0), (19, 0), (20, 0), (21, 0), (22, 0), (23, 0), (24, 0), (25, 0), (26, 0), (27, 0), (28, 0), (29, 0), (30, 0), (31, 0), (32, 0), (33, 0), (34, 0)]
R 19: [(1, 'https://www.kra.go.ke/news-center/public-notices/2104-fringe-benefit-tax-and-deemed-interest-rate-4'), (4, 735284.2623999999), (5, 545.832), (6, 390), (7, 8766.417666666668), (8, 8487.666666666668), (9, 1500), (10, 161194.1174), (11, 0), (12, 1500), (13, 127355.36099999999), (14, 126393.95999999999), (15, 126117.93), (16, 126867.93), (17, 1500), (18, 8082.240666666667), (19, 2025.711), (20, 1800), (21, 1470.6), (22, 1499.7), (23, 2053.5), (24, 1499.715), (25, 1500), (26, 1500), (27, 1500), (28, 0), (29, 0), (30, 1493.181), (31, 1500), (32, 1500)]
R 20: [(1, 'GROSS SALARY'), (3, 6458620.248571117), (4, 7193904.510971117), (5, 398597.58485295274), (6, 440967.9394676755), (7, 254836.56411663647), (8, 169694.88166666665), (9, 551500), (10, 658616.4680000001), (11, 0), (12, 401500), (13, 543401.8554306543), (14, 546161.2800564126), (15, 538363.4040625), (16, 496347.04), (17, 251500), (18, 142653.31191666663), (19, 103746.94162499999), (20, 92121.20317499999), (21, 92112.62701517004), (22, 58945.97308295722), (23, 49855.681875), (24, 54059.46), (25, 54082.89473749999), (26, 49302.445), (27, 49302.181875), (28, 0), (29, 0), (30, 49295.362875), (31, 45915.5)]
R 21: [(1, 'REFUNDS'), (4, 0), (57, 2024)]
R 22: [(1, 'MONTHLY TAXABLE'), (2, 'AMT'), (3, 'CUM AMT'), (21, 0), (57, 'OT Calculation'), (59, 'Per Day'), (61, 'Per Hour')]
R 23: [(1, 'INCOME'), (4, 163.7496), (59, 'Normal OT'), (60, 'Other OT'), (61, 'Normal OT'), (62, 'Other OT')]
R 24: [(5, ' '), (10, ' '), (14, ' '), (15, ' '), (16, ' '), (58, 'BASIC'), (59, 1.5), (60, 2), (61, 1.5), (62, 2), (64, 'NT'), (65, 'DT'), (66, 'Variance')]
R 25: [(1, '1.LESS THAN KHS.24000'), (2, 2400), (3, 2400), (7, 0), (8, 0), (9, 0), (13, 0), (18, 0), (50, 2400), (51, 2400), (52, 2400), (53, 2400), (54, 2400), (56, '1'), (57, '1032'), (58, 52450.94406234374), (59, 3576.200731523437), (60, 4768.267642031249), (61, 447.0250914404296), (62, 596.0334552539061), (63, '1032'), (64, 424.72692773437495), (65, 566.3025703124999), (66, 22.298163706054652), (67, 29.730884941406202)]
R 26: [(1, '   AT 10%'), (56, '2'), (57, '1033'), (58, 60593.29904855389), (59, 4131.361298765038), (60, 5508.4817316867175), (61, 516.4201623456297), (62, 688.5602164608397), (63, '1033'), (64, 448.0869087597655), (65, 597.4492116796873), (66, 68.33325358586421), (67, 91.11100478115236)]
R 27: [(5, ' '), (37, ' '), (56, '3'), (57, '1034'), (58, 45513.543955058754), (59, 3103.196178754006), (60, 4137.594905005341), (61, 387.8995223442507), (62, 517.1993631256677), (63, '1034'), (64, 368.55061505391996), (65, 491.40082007189324), (66, 19.34890729033077), (67, 25.798543053774438)]
R 28: [(1, '2.BTWN 24001-32333'), (2, 2083), (3, 4483), (5, 4483), (6, 4483), (7, 4483), (8, 4483), (12, 4483), (16, 4483), (17, 4483), (18, 4483), (19, 4483), (20, 4483), (21, 4483), (22, 4483), (23, 4483), (24, 4483), (25, 4483), (26, 4483), (27, 4483), (30, 4483), (31, 4483), (32, 4483), (33, 4483), (34, 4483), (36, 4483), (37, 4483), (38, 4483), (39, 4483), (40, 4483)]
R 29: [(1, '   AT 25%'), (56, '5'), (57, '1036'), (58, 41047.5), (59, 2798.693181818182), (60, 3731.590909090909), (61, 349.83664772727275), (62, 466.4488636363636), (63, '1036'), (64, 332.3863636363636), (65, 443.1818181818182), (66, 17.450284090909122), (67, 23.26704545454544)]
R 30: [(56, '6'), (57, '1037'), (58, 44492.5), (59, 3033.5795454545455), (60, 4044.7727272727275), (61, 379.1974431818182), (62, 505.59659090909093), (63, '1037'), (64, 315.34090909090907), (65, 420.45454545454544), (66, 63.85653409090912), (67, 85.1420454545455)]
R 31: [(1, '3. BTWN 32334-500000'), (2, 140299.8), (3, 144782.8), (5, 103879.07545588582), (6, 109090.18184030266), (7, 62493.27526324139), (8, 38223.714499999995), (9, 144782.8), (10, 144782.8), (12, 110749.8), (13, 144782.8), (14, 144782.8), (15, 144782.8), (16, 133819.66199999998), (17, 61351.799999999996), (18, 30510.785731249987), (19, 19331.622253125), (20, 16014.901129874994), (21, 15925.957699323462), (22, 6473.897828642808), (23, 3891.471834375001), (24, 5081.241825), (25, 5087.925000187497), (26, 3725.4968249999997), (27, 3725.4218343750013), (30, 4440.4088624999995), (31, 2760.2174999999993), (32, 3426.45), (33, 3381.45), (34, 3426.45)]
R 32: [(1, '   AT 30%'), (56, '8'), (57, '1039'), (58, 38942.49999999999), (59, 2655.170454545454), (60, 3540.227272727272), (61, 331.89630681818176), (62, 442.528409090909), (63, '1039'), (64, 315.340909090909), (65, 420.4545454545454), (66, 16.555397727272748), (67, 22.073863636363626)]
R 33: [(56, '9'), (57, '1040'), (58, 46310), (59, 3157.5), (60, 4210), (61, 394.6875), (62, 526.25), (63, '1040'), (64, 375), (65, 500), (66, 19.6875), (67, 26.25)]
R 34: [(1, '4.BTWN 500001-800000'), (2, 97499.675), (3, 242282.47499999998), (9, 10237.175000000001), (10, 51550.027100000036), (13, 7605.2780149626315), (14, 377.0910183340835), (15, 5967.781320312497), (56, '10'), (57, '1041'), (58, 46310), (59, 3157.5), (60, 4210), (61, 394.6875), (62, 526.25), (63, '1041'), (64, 375), (65, 500), (66, 19.6875), (67, 26.25)]
R 35: [(1, '   AT 32.5%'), (56, '11'), (57, '1042'), (58, 37890), (59, 2583.409090909091), (60, 3444.5454545454545), (61, 322.9261363636364), (62, 430.5681818181818), (63, '1042'), (64, 306.8181818181818), (65, 409.09090909090907), (66, 16.10795454545456), (67, 21.477272727272748)]
R 36: [(56, '12'), (57, '1043'), (58, 55000), (59, 3750), (60, 5000), (61, 468.75), (62, 625)]
R 37: [(1, '5.ABOVE 800,001 AT 35%'), (3, 0), (56, '13'), (57, '1044'), (58, 45000), (59, 3068.181818181818), (60, 4090.909090909091), (61, 383.52272727272725), (62, 511.3636363636364)]
R 38: [(55, ' '), (56, '14'), (57, '1045'), (58, 24000), (59, 1636.3636363636365), (60, 2181.818181818182), (61, 204.54545454545456), (62, 272.72727272727275)]
R 39: [(2, ' '), (56, '15'), (57, '1046'), (58, 24000), (59, 1636.3636363636365), (60, 2181.818181818182), (61, 204.54545454545456), (62, 272.72727272727275)]
R 40: [(1, 'TOTAL TAX CHARGEABLE'), (4, 1815989.4466133937), (5, 108362.07545588582), (6, 113573.18184030266), (7, 66976.27526324139), (8, 42706.714499999995), (9, 155019.97499999998), (10, 196332.82710000002), (11, 0), (12, 115232.8), (13, 152388.0780149626), (14, 145159.89101833408), (15, 150750.58132031249), (16, 138302.66199999998), (17, 65834.79999999999), (18, 34993.785731249984), (19, 23814.622253125), (20, 20497.901129874994), (21, 20408.957699323462), (22, 10956.897828642808), (23, 8374.471834375001), (24, 9564.241825000001), (25, 9570.925000187497), (26, 8208.496825), (27, 8208.421834375002), (28, 0), (29, 0), (30, 8923.4088625), (31, 7243.217499999999), (32, 7909.45)]
R 41: [(56, '17'), (57, '1048'), (58, 24000), (59, 1636.3636363636365), (60, 2181.818181818182), (61, 204.54545454545456), (62, 272.72727272727275), (64, datetime.datetime(2022, 12, 1, 0, 0)), (66, 'TOTAL')]
R 42: [(1, 'ADD BENEFITS >KHS 1,000'), (7, ' '), (8, ' '), (9, ' '), (10, ' '), (13, ' '), (14, ' '), (15, ' '), (16, ' '), (56, '18'), (57, '1049'), (58, 24000), (59, 1636.3636363636365), (60, 2181.818181818182), (61, 204.54545454545456), (62, 272.72727272727275), (64, 'NT'), (65, 'DT')]
R 43: [(1, 'LESS '), (64, 24), (66, 9471.262499999999)]
R 44: [(1, 'PERSONAL RELIEF'), (4, 105600), (5, 2400), (6, 2400), (7, 2400), (8, 2400), (9, 2400), (13, 2400), (14, 2400), (15, 2400), (16, 2400), (17, 2400), (18, 2400), (19, 2400), (20, 2400), (21, 2400), (22, 2400), (23, 2400), (24, 2400), (25, 2400), (26, 2400), (27, 2400), (30, 2400), (31, 2400), (32, 2400), (33, 2400), (34, 2400), (36, 2400), (37, 2400), (38, 2400)]
R 45: [(1, 'LIFE INSURANCE'), (4, 9318.441), (5, 1436.541), (6, 480), (14, 0), (15, 2572.5), (23, 1515), (30, 2340), (36, 600.15), (42, 374.25), (58, 707551.3994920776), (64, 27), (65, 8), (66, 12898.558111062473)]
R 46: [(1, 'EDUCATION POLICY'), (2, ' '), (4, 4291.5855), (5, 3454.1775), (6, 837.408), (66, 0)]
R 47: [(1, 'SHIF RELIEF'), (4, 0), (5, 0), (6, 0), (7, 0), (8, 0), (9, 0), (10, 0), (11, 0), (12, 0), (13, 0), (14, 0), (15, 0), (16, 0), (17, 0), (18, 0), (19, 0), (20, 0), (21, 0), (22, 0), (23, 0), (24, 0), (25, 0), (26, 0), (27, 0), (28, 0), (29, 0), (30, 0), (31, 0), (32, 0)]
R 48: [(1, 'MORTGAGE RELIEF'), (4, 0), (57, 'OT Calculation'), (59, 'Per Day'), (61, 'Per Hour'), (66, 0)]
R 49: [(1, 'AHL RELIEF'), (4, 11747.379960496979), (5, 895.6164439191436), (6, 991.3003638022698), (7, 541.4240957624321), (8, 350.48249999999996), (9, 1237.5), (10, 0), (11, 0), (12, 0), (13, 815.214114968972), (14, 823.5859726269281), (15, 806.661819140625), (16, 710.4375), (17, 562.5), (18, 290.55117656249996), (19, 216.63903515625), (20, 190.98897339374994), (21, 203.94456078413256), (22, 129.25411443665374), (23, 107.55490921874998), (24, 118.25942624999999), (25, 118.31151315937497), (26, 107.55550124999999), (27, 107.55490921874998), (28, 0), (29, 0), (30, 107.55490921874998), (31, 99.93487499999999), (32, 99.93487499999999)]
R 50: [(1, 'Adj to maximum'), (59, '1.5 times'), (60, '2.0 Times'), (61, '1.5 times'), (62, '2.0 Times'), (66, 0)]
R 51: [(1, 'TAX AT SOURCE'), (4, 1685152.0856074416), (5, 100175.74051196667), (6, 108864.4734765004), (7, 64034.851167478955), (8, 39956.231999999996), (9, 151382.47499999998), (10, 196332.82710000002), (11, 0), (12, 115232.8), (13, 149172.86389999362), (14, 141936.30504570715), (15, 144971.41950117185), (16, 135192.22449999998), (17, 62872.29999999999), (18, 32303.234554687482), (19, 21197.983217968747), (20, 17906.912156481245), (21, 17805.01313853933), (22, 8427.643714206155), (23, 4351.916925156251), (24, 7045.982398750001), (25, 7052.613487028122), (26, 5700.94132375), (27, 5700.866925156251), (28, 0), (29, 0), (30, 4075.8539532812506), (31, 4743.282624999999), (32, 5409.515125)]
R 52: [(57, 'Vincent Mambo John'), (59, 3330.7273124999992), (60, 4440.969749999999), (61, 416.3409140624999), (62, 555.1212187499999), (66, 0)]
R 53: [(1, ' SALARY AFTER TAX '), (4, 4773468.162963675), (5, 297876.01234098605), (6, 331713.46599117515), (7, 182035.29528249087), (8, 121250.98300000001), (9, 398617.525), (10, 301089.5235000001), (11, 0), (12, 284767.2), (13, 266873.6305306606), (14, 277831.01501070533), (15, 267274.05456132814), (16, 234286.8855), (17, 187127.7), (18, 102267.8366953125), (19, 80523.24740703125), (20, 72414.29101851874), (21, 72837.0138766307), (22, 49018.62936875107), (23, 43450.26494984375), (24, 45513.762601250004), (25, 45530.28125047187), (26, 42101.50367625), (27, 42101.31494984375), (28, 0), (29, 0), (30, 43726.32792171875), (31, 39672.217375), (32, 39005.984875)]
R 54: [(2, ' '), (3, ' '), (4, 0), (57, 'Benson A Kidake'), (59, 2208.2411466507533), (60, 2944.321528867671), (61, 276.03014333134416), (62, 368.0401911084589), (66, 0)]
R 55: [(1, 'LESS DEDUCTIONS:'), (4, 0), (57, 'Antony O. Agoi'), (59, 2405.3999999999996), (60, 3207.2), (61, 300.67499999999995), (62, 400.9), (64, 112), (65, 8), (66, 39751.05470765338)]
R 56: [(1, 'NSSF Tier I'), (4, 19320), (5, 420), (6, 420), (7, 420), (8, 420), (9, 420), (10, 420), (12, 420), (13, 420), (14, 420), (15, 420), (16, 420), (17, 420), (18, 420), (19, 420), (20, 420), (21, 420), (22, 420), (23, 420), (24, 420), (25, 420), (26, 420), (27, 420), (30, 420), (31, 420), (32, 420), (33, 420), (34, 420), (36, 420)]
R 57: [(1, 'NSSF Tier II'), (4, 76992.27272727272), (5, 1740), (6, 1740), (7, 1740), (8, 1740), (9, 1740), (10, 1740), (12, 1740), (13, 1740), (14, 1740), (15, 1740), (16, 1740), (17, 1740), (18, 1740), (19, 1740), (20, 1740), (21, 1740), (22, 1740), (23, 1740), (24, 1740), (25, 1740), (26, 1740), (27, 1740), (30, 1740), (31, 1740), (32, 1740), (33, 1740), (34, 1740), (36, 1740)]
R 58: [(1, 'VOLUNTARY PENSION CONTRIBUTION'), (4, 9000), (5, 0), (6, 9000), (11, 0), (12, 0), (17, 0), (18, 0), (19, 0), (20, 0), (21, 0), (22, 0), (23, 0), (24, 0), (25, 0), (26, 0), (27, 0), (36, 0), (37, 0), (38, 0), (39, 0), (40, 0), (41, 0), (42, 0), (43, 0), (44, 0), (45, 0), (46, 0), (47, 0), (48, 0)]
R 59: [(1, 'PENSION CONTRIBUTION-EMPLOYEE-5%'), (3, 272019.5959172939), (4, 263019.5959172939), (5, 19902.58764264764), (6, 22028.896973383777), (7, 12031.646572498492), (8, 7788.5), (9, 27500), (10, 22019.142000000007), (11, 0), (12, 0), (13, 18115.869221532714), (14, 18301.910502820625), (15, 17925.818203125), (16, 15787.5), (17, 12500), (18, 6456.6928124999995), (19, 4814.200781250001), (20, 4244.19940875), (21, 4532.101350758502), (22, 2872.3136541478616), (23, 2390.1090937500003), (24, 2627.98725), (25, 2629.1447368749996), (26, 2390.12225), (27, 2390.1090937500003), (28, 0), (29, 0), (30, 0), (31, 2220.775)]
R 60: [(1, 'HOUSING LEVY 1.5%'), (3, 181843.21800662632), (4, 90921.60900331316), (5, 5970.776292794291), (6, 6608.669092015132), (7, 3609.493971749547), (8, 2336.5499999999997), (9, 8250), (10, 6605.742600000002), (11, 0), (12, 6000), (13, 5434.760766459814), (14, 5490.573150846188), (15, 5377.7454609375), (16, 4736.25), (17, 3750), (18, 1937.0078437499997), (19, 1444.260234375), (20, 1273.2598226249997), (21, 1359.6304052275505), (22, 861.6940962443583), (23, 717.032728125), (24, 788.396175), (25, 788.7434210624998), (26, 717.036675), (27, 717.032728125), (28, 0), (29, 0), (30, 717.032728125), (31, 666.2325)]
R 61: [(1, 'SALARY ADVANCE'), (2, 120003), (3, 162850), (4, 282853), (12, 63353), (18, 5000), (37, 15000), (39, 26000), (40, 20000), (41, 10000), (42, 15000), (43, 10000), (44, 20000), (45, 10000), (46, 10000), (47, 23000), (49, 25000), (50, 11000), (51, 3000), (52, 8000), (54, 8500), (55, 58500), (56, 13985.686249999999), (57, 'Joshua M. Mutuku'), (59, 3000), (60, 4000), (61, 375), (62, 500)]
R 62: [(1, 'SHIF'), (2, 105839.61650607412), (3, 60850), (4, 166689.61650607412), (5, 10946.423203456201), (6, 12115.893335361077), (7, 6617.40561487417), (8, 4283.675), (9, 15125), (10, 12110.528100000003), (11, 0), (12, 11000), (13, 9963.728071842992), (14, 10066.050776551343), (15, 9859.20001171875), (16, 8683.125), (17, 6875), (18, 3551.1810468749995), (19, 2647.8104296875), (20, 2334.3096748125), (21, 2492.655742917176), (22, 1579.7725097813236), (23, 1314.5600015625), (24, 1445.3929875000001), (25, 1446.0296052812498), (26, 1314.5672375), (27, 1314.5600015625), (28, 0), (29, 0), (30, 1314.5600015625)]
R 63: [(1, 'HELB/OTHER'), (4, 23500), (15, 5000), (16, 5000), (23, 2000), (24, 2000), (25, 4000), (26, 2000), (30, 0), (31, 2500), (49, 1000), (61, 3275.300119288164), (62, 4367.066825717553)]
R 64: [(1, 'STAFF WELFARE/LOAN'), (4, 138549), (7, 55167), (8, 20833), (18, 42033), (37, 14683), (44, 5833), (56, -5833)]
R 65: [(1, 'SACCO'), (4, 36900), (5, ' '), (17, 0), (19, 3600), (36, 15000), (39, 2000), (40, 4200), (42, 6000), (44, 4100), (46, 2000)]
R 66: [(1, 'UNION/HOUSE LEVY JULY'), (4, 0), (61, 2891.777392015437), (62, 3855.7031893539165)]
R 67: [(4, 1064392.8214266808), (5, 38979.78713889813), (6, 51913.45940075998), (7, 79585.54615912221), (8, 37401.725), (9, 53035), (10, 42895.412700000015), (11, 0), (12, 82513), (13, 35674.35805983552), (14, 36018.534430218155), (15, 40322.76367578125), (16, 36366.875), (17, 25285), (18, 61137.881703125), (19, 14666.2714453125), (20, 10011.768906187499), (21, 10544.38749890323), (22, 7473.780260173544), (23, 8581.701823437501), (24, 9021.7764125), (25, 11023.91776321875), (26, 8581.726162500001), (27, 6581.701823437501), (28, 0), (29, 0), (30, 4191.5927296875), (31, 8768.43375), (32, 4047.65875), (33, 4047.65875)]
R 68: [(4, 0)]
R 69: [(1, 'TOTAL DEDUCTIONS+TAX'), (4, 2792897.1797613953), (5, 139155.5276508648), (6, 160777.93287726038), (7, 143620.39732660117), (8, 77357.957), (9, 204417.47499999998), (10, 239228.23980000004), (11, 0), (12, 197745.8), (13, 184847.22195982916), (14, 177954.8394759253), (15, 185294.1831769531), (16, 171559.09949999998), (17, 88157.29999999999), (18, 93441.11625781248), (19, 35864.254663281245), (20, 27918.681062668744), (21, 28349.40063744256), (22, 15901.423974379699), (23, 12933.618748593752), (24, 16067.758811250002), (25, 18076.531250246873), (26, 14282.66748625), (27, 12282.568748593752), (28, 0), (29, 0), (30, 8267.44668296875), (31, 13511.716375), (32, 9457.173875)]
R 70: [(1, 'NET SALARY'), (5, 258896.22520208795), (6, 279800.00659041514), (7, 102449.74912336862), (8, 83849.25799999999), (9, 345582.525), (10, 258194.11080000005), (11, 0), (12, 202254.2), (13, 231199.27247082512), (14, 241812.48058048723), (15, 226951.29088554688), (16, 197920.01050000003), (17, 161842.7), (18, 41129.954992187486), (19, 65856.97596171875), (20, 62402.522112331244), (21, 62292.62637772749), (22, 41544.849108577524), (23, 34868.563126406254), (24, 36491.98618875), (25, 34506.36348725312), (26, 33519.77751375), (27, 35519.61312640625), (28, 0), (29, 0), (30, 39534.73519203125), (31, 30903.783625), (32, 34958.326125), (33, 35003.326125)]
R 71: [(1, 'TOTAL PAYROLL'), (4, 3665723.068809722), (5, 268241.25440554414), (6, 290514.8199257762), (7, 57622.260038242806), (8, 86705.93299999998), (9, 359262.525), (10, 268712.91169500013), (11, 0), (12, 275357.2), (13, 239613.92514266807), (14, 250425.87370703858), (15, 235315.27839726565), (16, 205158.13550000003), (17, 87315.95760000001), (18, 26183.01263906247), (19, 134436.40062890624), (20, 122662.95500964373), (21, 63461.42702064466), (22, 42104.531618358844), (23, 35238.42382796875), (24, 36917.29367625), (25, 34932.393092534374), (26, 33899.52475125), (27, 35930.67312796875), (28, 0), (29, 0), (30, 39912.253093593754), (31, 31275.209875), (32, 35329.752375)]
R 72: [(4, 3665695.61), (5, -9345.029203456186), (6, -10714.813335361076), (7, 44827.48908512581), (8, -2856.6749999999884), (9, -13680), (10, -10518.80089500008), (11, 0), (12, -73103), (13, -8414.652671842952), (14, -8613.393126551353), (15, -8363.987511718762), (16, -7238.125), (17, 74526.7424), (18, 14946.942353125018), (19, -68579.42466718749), (20, -60260.43289731249), (21, -1168.8006429171728), (22, -559.6825097813198), (23, -369.8607015624948), (24, -425.307487500002), (25, -426.0296052812555), (26, -379.74723749999976), (27, -411.0600015625023), (28, 0), (29, 0), (30, -377.51790156250354), (31, -371.42625000000044), (32, -371.4262499999968), (33, -370.07625000000553)]
R 73: [(5, 5970.776292794291), (6, 6608.669092015132), (7, 3609.493971749547), (8, 17976.32500000001), (9, 8250), (10, 6605.742600000002), (11, 0), (12, 6000), (13, 5434.760766459814), (14, 5490.573150846188), (15, 5377.7454609375), (16, 4736.25), (17, 3750), (18, 1937.0078437499997), (19, 1444.260234375), (20, 1273.2598226249997), (21, 1359.6304052275505), (22, 861.6940962443583), (23, 717.032728125), (24, 788.396175), (25, 788.7434210624998), (26, 717.036675), (27, 717.032728125), (28, 0), (29, 0), (30, 717.032728125), (31, 666.2325), (32, 666.2325), (33, 666.2325), (34, 666.2325)]
R 74: [(6, 290813.27389916)]
R 75: [(4, 27.458809722214937), (5, 5970.776292794291), (6, 6608.669092015132), (7, 3691.052196749547), (8, 2418.108225), (9, 8250), (10, 7461.335259000001), (11, 0), (12, 0), (13, 6240.697416459813), (14, 6296.509800846187), (15, 6183.6821109375), (16, 5542.18665), (17, 3750), (18, 2018.5660687499997), (19, 1525.818459375), (20, 1354.8180476249997), (21, 1359.6304052275505), (22, 861.6940962443583), (23, 717.032728125), (24, 788.396175), (25, 788.7434210624998), (26, 717.036675), (27, 717.032728125), (28, 0), (29, 0), (30, 717.032728125), (31, 666.2325), (32, 666.2325), (33, 666.2325)]
R 76: [(5, 0), (6, 0), (7, 81.55822499999977), (8, 81.55822500000022), (9, 0), (10, 855.592658999999), (11, 0), (12, -6000), (13, 805.9366499999996), (14, 805.9366499999996), (15, 805.9366499999996), (16, 805.9366499999996), (17, 0), (18, 81.558225), (19, 81.558225), (20, 81.558225), (21, 0), (22, 0), (23, 0), (24, 0), (25, 0), (26, 0), (27, 0), (28, 0), (29, 0), (30, 0), (31, 0), (32, 0), (33, 0), (34, 0)]
R 77: [(5, 5978.963772794291), (6, 6614.519092015133), (7, 3822.5484617495467), (8, 2545.4232249999995), (9, 8272.5), (10, 9879.24702), (11, 0), (12, 6022.5), (13, 8151.027831459814), (14, 8192.419200846189), (15, 8075.451060937499), (16, 7445.205599999999), (17, 3772.5), (18, 2139.799678749999), (19, 1556.2041243749998), (20, 1381.8180476249997), (21, 1381.6894052275507), (22, 884.1895962443583), (23, 747.835228125), (24, 810.8919), (25, 811.2434210624998), (26, 739.536675), (27, 739.532728125), (28, 0), (29, 0), (30, 739.430443125), (31, 688.7325), (32, 688.7325), (33, 686.4825), (34, 688.7325)]
R 78: [(5, 8.187479999999596), (6, 5.850000000000364), (7, 131.49626499999977), (8, 127.3149999999996), (9, 22.5), (10, 2417.9117609999994), (11, 0), (12, 6022.5), (13, 1910.3304150000004), (14, 1895.9094000000014), (15, 1891.7689499999997), (16, 1903.0189499999997), (17, 22.5), (18, 121.23360999999954), (19, 30.38566499999979), (20, 27), (21, 22.059000000000196), (22, 22.495499999999993), (23, 30.80250000000001), (24, 22.495724999999993), (25, 22.5), (26, 22.5), (27, 22.5), (28, 0), (29, 0), (30, 22.397715000000062), (31, 22.5), (32, 22.5), (33, 20.25), (34, 22.5)]
R 79: [(4, 'Pension in excess of limit 20K'), (5, -97.41235735236114), (6, 11028.896973383777), (7, -7968.353427501508), (8, -12211.5), (9, 7500), (10, 2019.142000000007), (11, -20000), (12, -20000), (13, -1884.1307784672863), (14, -1698.089497179375), (15, -2074.181796875), (16, -4212.5), (17, -7500), (18, -13543.3071875), (19, -15185.799218749999), (20, -15755.800591250001), (21, -15467.898649241499), (22, -17127.68634585214), (23, -17609.89090625), (24, -17372.01275), (25, -17370.855263125), (26, -17609.87775), (27, -17609.89090625), (28, -20000), (29, -20000), (30, -20000), (31, -17779.225), (32, -20000), (33, -20000)]
R 80: [(6, 301528.08723452105), (22, -609.118133135853)]
R 81: [(3, 'AHL-Refund (Jan-Feb)'), (4, 188505.606195796), (5, 11941.552585588583), (6, 13217.338184030265), (7, 7218.987943499094), (8, 4673.099999999999), (9, 15000), (10, 13211.485200000005), (11, 9005.387343749999), (12, 10869.521532919627), (13, 10869.521532919627), (14, 10981.146301692375), (15, 10755.490921875), (16, 9472.5), (17, 3750), (18, 3874.0156874999993), (19, 2888.52046875), (20, 2546.5196452499995), (21, 2719.260810455101), (22, 1723.3881924887166), (23, 1434.06545625), (24, 1576.79235), (25, 1577.4868421249996), (26, 1434.07335), (27, 1434.06545625), (28, 1434.06545625), (29, 1434.06545625), (30, 1434.06545625), (31, 1332.465), (32, 1332.465)]
R 82: [(4, 177636.08466287632), (5, 270837.77778767655), (6, 293017.3447744454), (7, 109668.7370668677), (8, 88522.358), (9, 360582.525), (10, 271405.5960000001), (11, 9005.387343749999), (12, 213123.72153291965), (13, 242068.79400374476), (14, 252793.6268821796), (15, 237706.78180742188), (16, 207392.51050000003), (17, 165592.7), (18, 45003.97067968748), (19, 68745.49643046875), (20, 64949.041757581246), (21, 65011.88718818259), (22, 43268.23730106624), (23, 36302.62858265625), (24, 38068.778538750004), (25, 36083.85032937812), (26, 34953.85086375), (27, 36953.67858265625), (28, 1434.06545625), (29, 1434.06545625), (30, 40968.80064828125), (31, 32236.248625), (32, 36290.791124999996), (33, 36335.791124999996)]
R 83: [(22, 1.0883279761124727), (24, 44310)]
R 84: [(4, 'Taxable benefits'), (5, 545.832), (6, 390), (7, 8766.417666666668), (8, 8487.666666666668), (9, 1500), (10, 161194.1174), (11, 0), (12, 1500), (13, 127355.36099999999), (14, 126393.95999999999), (15, 126117.93), (16, 126867.93), (17, 1500), (18, 8082.240666666667), (19, 2025.711), (20, 1800), (21, 1470.6), (22, 1499.7), (23, 2053.5), (24, 1499.715), (25, 1500), (26, 1500), (27, 1500), (28, 0), (29, 0), (30, 1493.181), (31, 1500), (32, 1500), (33, 1350)]
R 85: [(4, 'Arrears/OT/Others'), (5, 0), (6, 0), (7, 0), (8, 0), (9, 0), (10, 57039.510599999994), (11, '#REF!'), (12, '#REF!'), (13, 53729.11), (14, 53729.11), (15, 53729.11), (16, 53729.11), (17, 0), (18, 0), (19, 0), (20, 0), (21, 0), (22, 0), (23, 0), (24, 0), (25, 0), (26, 0), (27, 0), (28, 0), (29, 0), (30, 0), (31, 0), (32, 0), (33, 0)]
R 86: [(10, -22554.57149999999)]
R 87: [(40, 14691.45506414837)]
R 88: [(37, 36833)]
R 89: [(37, 'mwananchi'), (38, 'mib'), (39, 'TOTAL')]
R 90: [(36, 'JKK'), (37, 38600), (39, 38600)]
R 91: [(36, 'DMM'), (37, 14683), (39, 14683)]
R 92: [(36, 'VO'), (37, 6324), (39, 6324)]
R 93: [(36, 'AS'), (37, 7915), (39, 7915)]
R 94: [(36, 'AM'), (37, 5833), (39, 5833)]
R 95: [(36, 'CB'), (37, 21100), (38, 15733), (39, 36833)]
R 96: [(37, 94455), (38, 15733), (39, 110188), (40, -28361)]



====================================================================================================
SHEET: Integrating with AX cost center
Max rows: 183, Max cols: 55
====================================================================================================
R  1: [(2, '1'), (3, '2'), (4, '3'), (5, '4'), (6, '5'), (7, '6'), (8, '7'), (9, '8'), (10, '9'), (11, '10'), (12, '11'), (13, '12'), (14, '13'), (15, '14'), (16, '15'), (17, '16'), (18, '17'), (19, '18'), (20, '19'), (21, '20'), (22, '21'), (23, '22'), (24, '23'), (25, '24'), (27, '25'), (28, '26'), (29, '27'), (30, '28'), (31, '29'), (32, '30')]
R  2: [(5, 555720)]
R  3: [(4, ' '), (6, 125367.93), (9, ' '), (12, 1125.2099999999991), (13, ' ')]
R  4: [(1, 'Payroll '), (2, datetime.datetime(2024, 11, 1, 0, 0)), (4, ' '), (10, ' '), (15, ' '), (27, 0.2618628934972269)]
R  5: [(4, ' '), (6, 'C'), (10, 'A'), (14, 1440), (15, ' '), (19, ' '), (28, 'B'), (29, 'A-B-C'), (34, ' '), (35, ' ')]
R  6: [(1, 'Staff No'), (2, 'Name'), (3, 'Pin No'), (4, 'Basic'), (5, 'Bonus/Comm   '), (6, 'Fringe benefit Loan-non cash'), (7, 'Transport/Hse Allowance'), (8, 'Arrears'), (9, 'Salary Arrears/OT/Others'), (10, 'Gross Salary'), (11, 'Voluntary pension Contribution'), (12, 'Defined Pension contribution'), (13, 'NSSF-T1'), (14, 'NSSF-T2'), (15, 'SHIF'), (16, 'Taxable pay'), (17, 'Gross PAYE'), (18, 'House levy'), (19, 'Advances'), (20, 'HELB'), (21, 'Company loan'), (22, 'Bank loan'), (23, 'SACCO'), (24, 'Personal Relief'), (25, 'NHIF Relief'), (26, 'AHL Relief'), (27, 'Net PAYE'), (28, 'Total Deductions'), (29, 'Net Pay'), (30, 'EMPLOYER PENSION')]
R  7: [(11, 22028.896973383777)]
R  8: [(1, '1'), (2, '1000'), (3, 'A00000000Z1'), (4, 398051.75285295275), (6, 545.832), (7, 0), (9, 0), (10, 398597.58485295274), (12, 19902.58764264764), (13, 420), (14, 1740), (15, 10946.423203456201), (16, 376534.9972103051), (17, 108362.07545588582), (18, 5970.776292794291), (23, ' '), (24, -7290.719999999999), (26, -895.6164439191436), (27, 100175.73901196667), (28, 139155.5261508648), (29, 258896.22670208794), (30, 41545.17528529528), (31, 63187.76292794292), (32, 0.0014999999839346856), (33, 50), (34, 258896.22520208795), (35, 0.0014999999839346856), (36, 90344.00121781291), (37, -9831.737794153756), (38, 5970.776292794291)]
R  9: [(1, '2'), (2, '1001'), (3, 'A00000000Z2'), (4, 440577.9394676755), (6, 390), (9, 0), (10, 440967.9394676755), (11, 11028.900000000001), (12, 20000), (13, 420), (14, 1740), (15, 12115.893335361077), (16, 418807.9394676755), (17, 113573.18184030266), (18, 6608.669092015132), (24, -3717.41), (26, -991.3003638022698), (27, 108864.47147650039), (28, 160777.9339038766), (29, 279800.00556379894), (30, 45797.79394676755), (31, 69566.69092015133), (32, -0.0010266161989420652), (33, 50), (34, 279800.00659041514), (35, -0.0010266161989420652), (36, 110060.88147255998), (37, 1196.4099960595922), (38, 6608.669092015132), (39, 440577.9394676755)]
R 10: [(1, '3'), (2, '1002'), (3, 'A00000000Z3'), (4, 240632.93144996982), (6, 8766.417666666668), (7, 5437.215), (9, 0), (10, 254836.5641166365), (12, 12031.646572498492), (13, 420), (14, 1740), (15, 6617.40561487417), (16, 240644.917544138), (17, 66976.27526324139), (18, 3609.493971749547), (21, 20833), (22, 34334), (24, -2400), (26, -541.4240957624321), (27, 64034.851167478955), (28, 143620.39732660117), (29, 102449.74912336865), (30, 25803.293144996984), (31, 39574.93971749548), (32, 0), (33, 50), (34, 102449.74912336862), (35, 0), (36, 59391.5334540276), (37, -4643.3177134513535)]
R 11: [(1, '4'), (2, '1003'), (3, 'A00000000Z4'), (4, 155770), (6, 8487.666666666668), (7, 5437.215), (10, 169694.88166666665), (12, 7788.5), (13, 420), (14, 1740), (15, 4283.675), (16, 159746.38166666665), (17, 42706.714499999995), (18, 2336.5499999999997), (21, 20833), (24, -2400), (26, -350.48249999999996), (27, 39956.231999999996), (28, 77357.957), (29, 83849.25799999999), (30, 17317), (31, 26845.5), (32, 0), (33, 50), (34, 83849.25799999999), (35, 0), (36, 38318.65), (37, -1637.5819999999949), (38, 2418.108225), (39, 161207.215)]
R 12: [(1, '5'), (2, '1004'), (3, 'A00000000Z5'), (4, 550000), (5, 0), (6, 1500), (10, 551500), (11, 7500), (12, 20000), (13, 420), (14, 1740), (15, 15125), (16, 529340), (17, 155019.97499999998), (18, 8250), (24, -2400), (26, -1237.5), (27, 151382.47499999998), (28, 204417.47499999998), (29, 345582.525), (30, 56740), (31, 85980), (32, 0), (33, 50), (34, 345582.525), (35, 0), (36, 38318.65), (37, -113063.82499999998), (38, 8250), (39, 550000)]
R 13: [(1, '6'), (2, '1005'), (3, 'A00000000Z6'), (4, 440382.84000000014), (6, 161194.1174), (9, 57039.510599999994), (10, 658616.4680000002), (11, 2019.1399999999994), (12, 20000), (13, 420), (14, 1740), (15, 12110.528100000003), (16, 636456.4680000002), (17, 196332.82710000002), (18, 6605.742600000003), (24, 0), (27, 196332.82710000002), (28, 239228.23780000003), (29, 258194.11280000024), (30, 45778.284000000014), (31, 69537.42600000002), (32, 0.002000000182306394), (33, 50), (34, 258194.11080000005), (35, 0.002000000182306394), (36, 114447.56620000003), (37, -81885.2609), (38, 7461.335259000003), (39, 497422.3506000001), (40, 754027.6468000002)]
R 14: [(1, '7'), (2, '1007'), (3, 'A00000000Z7'), (4, 400000), (6, 1500), (9, 0), (10, 401500), (13, 420), (14, 1740), (15, 11000), (16, 399340), (17, 115232.8), (18, 6000), (19, 63353.0024733832), (27, 115232.8), (28, 197745.8024733832), (29, 202254.1975266168), (32, -0.0024733832105994225), (33, 50), (34, 202254.2), (35, -0.0024733832105994225), (36, 0), (37, -115232.8), (38, '#REF!'), (39, 400000), (40, 183163.59195), (41, 19090.6055766168), (43, -44220.9375), (45, 'Mgt'), (46, 1)]
R 15: [(1, '8'), (2, '1008'), (3, 'A00000000Z8'), (4, 362317.38443065423), (6, 127355.36099999999), (9, 53729.11), (10, 543401.8554306543), (12, 18115.869221532714), (13, 420), (14, 1740), (15, 9963.728071842992), (16, 523125.98620912153), (17, 152388.0780149626), (18, 7322.591181459814), (24, -2400), (26, -1098.3886772189721), (27, 148889.68933774365), (28, 186451.87781257916), (29, 229594.61661807512), (30, 37971.73844306543), (31, 57827.60766459814), (32, -1604.655852750002), (33, 50), (34, 231199.27247082512), (35, -1604.655852750002), (36, 144571.38363793746), (37, -4318.305699806195), (38, 8128.527831459814), (39, 416046.4944306542), (40, 683162.4024413964)]
R 16: [(1, '9'), (2, '1009'), (3, 'A00000000Z9'), (4, 366038.2100564125), (6, 126393.95999999999), (9, 53729.11), (10, 546161.2800564124), (12, 18301.910502820625), (13, 420), (14, 1740), (15, 10066.050776551343), (16, 525699.3695535918), (17, 145159.89101833408), (18, 5476.152135846187), (24, -2400), (26, -821.422820376928), (27, 141938.46819795715), (28, 177942.58161317528), (29, 241824.73844323718), (30, 38343.82100564125), (31, 58385.731508461875), (32, 12.25786274994607), (33, 50), (34, 241812.48058048723), (35, 12.25786274994607), (36, 164010.0569332875), (37, 22071.588735330355), (38, 6282.0887858461865), (39, 419767.3200564125), (40, 639029.2964277433)]
R 17: [(1, '10'), (2, '1010'), (3, 'A00000000Z10'), (4, 358516.3640625), (6, 126117.93), (9, 53729.11), (10, 538363.4040625), (12, 17925.818203125), (13, 420), (14, 1740), (15, 9859.20001171875), (16, 518277.585859375), (17, 150750.58132031249), (18, 5373.6050109375), (20, 5000), (24, -4972.5), (26, -806.040751640625), (27, 144972.04056867186), (28, 185290.6637944531), (29, 226954.81026804686), (30, 37591.63640625), (31, 57257.454609374996), (32, 3.5193824999732897), (33, 50), (34, 226951.29088554688), (35, 3.5193824999732897), (36, 140731.85379999998), (37, -4240.186768671876), (38, 6179.541660937501), (39, 412245.4740625)]
R 18: [(1, '11'), (2, '1011'), (3, 'A00000000Z11'), (4, 315750), (6, 126867.93), (9, 53729.11), (10, 496347.04), (12, 15787.5), (13, 420), (14, 1740), (15, 8683.125), (16, 478399.54), (17, 138302.66199999998), (18, 4747.5), (20, 5000), (24, -2400), (26, -712.125), (27, 135190.53699999998), (28, 171568.66199999998), (29, 197910.44800000003), (30, 33315), (31, 50842.5), (32, -9.5625), (33, 50), (34, 197920.01050000003), (35, -9.5625), (36, 131479.16199999998), (37, -3711.375), (38, 5553.43665), (39, 369479.11)]
R 19: [(1, '12'), (2, '1012'), (3, 'A00000000Z12'), (4, 250000), (6, 1500), (10, 251500), (12, 12500), (13, 420), (14, 1740), (15, 6875), (16, 236840), (17, 65834.79999999999), (18, 1869.48105), (23, 0), (24, -2400), (26, -280.4221575), (27, 63154.37784249999), (28, 86558.8588925), (29, 163441.1411075), (30, 26740), (31, 40980), (34, 161842.7), (35, 1598.4411074999953), (52, 280.4221575)]
R 20: [(1, '13'), (2, '1013'), (3, 'A00000000Z13'), (4, 129133.85624999998), (6, 8082.240666666667), (7, 5437.215), (9, 0), (10, 142653.31191666666), (12, 6456.6928124999995), (13, 420), (14, 1740), (15, 3551.1810468749995), (16, 134036.61910416666), (17, 34993.785731249984), (18, 2035.74145375), (19, 5000), (21, 20833), (22, 21200), (24, -2400), (26, -305.3612180625), (27, 32288.424513187485), (28, 93525.03982631248), (29, 41046.03142368751), (30, 14653.385624999999), (31, 22850.0784375), (32, -83.92356849997304), (33, 50), (34, 41129.954992187486), (35, -83.92356849997304), (36, 29152.888600000002)]
R 21: [(1, '14'), (2, '1014'), (3, 'A00000000Z14'), (4, 96284.015625), (6, 2025.711), (7, 5437.215), (9, 0), (10, 103746.94162499999), (12, 4814.200781250001), (13, 420), (14, 1740), (15, 2647.8104296875), (16, 96772.74084375), (17, 23814.622253125), (18, 1353.412289375), (23, 3600), (24, -2400), (26, -203.01184340625), (27, 21211.61040971875), (28, 35787.03391003125), (29, 65934.19671496876), (30, 11368.401562500001), (31, 17922.60234375), (32, 77.22075325000333), (33, 50), (34, 65856.97596171875), (35, 77.22075325000333), (36, 24393.34), (37, 3181.729590281251), (38, 1434.9705143749998)]
R 22: [(1, '15'), (2, '1015'), (3, 'A00000000Z15'), (4, 84883.98817499999), (6, 1800), (7, 5437.215), (9, 0), (10, 92121.20317499999), (12, 4244.19940875), (13, 420), (14, 1740), (15, 2334.3096748125), (16, 85717.00376624998), (17, 20497.901129874994), (18, 1269.874157625), (24, -2400), (26, -190.48112364374998), (27, 17907.420006231245), (28, 27915.803247418742), (29, 62405.399927581246), (30, 10228.3988175), (31, 16212.59822625), (32, 2.8778152500017313), (33, 50), (34, 62402.522112331244), (35, 2.8778152500017313), (36, 17169.503259999998), (37, -737.9167462312471), (38, 1351.4323826249997), (39, 90321.20317499999)]
R 23: [(1, '16'), (2, '1016'), (3, 'A00000000Z16'), (4, 90642.02701517004), (6, 1470.6), (10, 92112.62701517004), (12, 4532.101350758502), (13, 420), (14, 1740), (15, 2492.655742917176), (16, 85420.52566441154), (17, 20408.957699323462), (18, 1354.6894052275507), (24, -2400), (26, -203.2034107841326), (27, 17805.75428853933), (28, 28345.200787442558), (29, 62296.826227727484), (30, 10804.202701517004), (31, 17076.304052275507), (32, 4.199849999997241), (33, 50), (34, 62292.62637772749), (35, 4.199849999997241), (36, 25698.56637859069), (37, 7892.81209005136), (38, 1354.6894052275507), (39, 90642.02701517004), (40, 121229.13431351978), (41, -58932.3080857923)]
R 24: [(1, '17'), (2, '1017'), (3, 'A00000000Z17'), (4, 57446.273082957225), (6, 1499.7), (9, 0), (10, 58945.97308295722), (12, 2872.3136541478616), (13, 420), (14, 1740), (15, 1579.7725097813236), (16, 53913.65942880936), (17, 10956.897828642808), (18, 862.1305962443583), (24, -2400), (26, -129.31958943665376), (27, 8427.578239206154), (28, 15901.794999379697), (29, 41544.47808357753), (30, 7484.627308295723), (31, 12096.940962443585), (32, -0.37102499999309657), (33, 50), (34, 41544.849108577524), (35, -0.37102499999309657), (36, 14530.426829048512), (37, 6102.848589842359), (38, 862.1305962443583), (39, 57446.273082957225), (40, 78676.98573585963)]
R 25: [(1, '18'), (2, '1018'), (3, 'A00000000Z18'), (4, 47802.181875), (6, 2053.5), (10, 49855.681875), (12, 2390.1090937500003), (13, 420), (14, 1740), (15, 1314.5600015625), (16, 45305.572781250004), (17, 8374.471834375001), (18, 725.3397281250001), (20, 2000), (24, -3915), (26, -108.80095921875001), (27, 4350.670875156251), (28, 12940.67969859375), (29, 34861.502176406255), (30, 6520.218187500001), (31, 10650.32728125), (32, -7.0609499999991385), (33, 50), (34, 34868.563126406254), (35, -7.0609499999991385), (36, 4714.960000000001), (37, 364.28912484374996), (38, 725.3397281250001), (39, 47802.181875), (40, 65920.2305)]
R 26: [(1, '19'), (2, '1019'), (3, 'A00000000Z19'), (4, 52559.745), (6, 1499.715), (10, 54059.46), (12, 2627.98725), (13, 420), (14, 1740), (15, 1445.3929875000001), (16, 49271.47275), (17, 9564.241825000001), (18, 780.0894), (20, 2000), (24, -2400), (26, -117.01341), (27, 7047.228415000001), (28, 16060.698052500004), (29, 36499.0469475), (30, 6995.9745), (31, 11363.96175), (32, 7.060758749998058), (33, 50), (34, 36491.98618875), (35, 7.060758749998058), (36, 10719.356363636363), (37, 3672.127948636362), (38, 780.0894), (39, 52559.745), (40, 70467.5189)]
R 27: [(1, '20'), (2, '1020'), (3, 'A00000000Z20'), (4, 52582.89473749999), (6, 1500), (7, 0), (10, 54082.89473749999), (12, 2629.1447368749996), (13, 420), (14, 1740), (15, 1446.0296052812498), (16, 49293.75000062499), (17, 9570.925000187497), (18, 788.7476960624999), (20, 4000), (24, -2400), (26, -118.31215440937498), (27, 7052.612845778122), (28, 18076.534883996872), (29, 34506.35985350312), (30, 6998.289473749999), (31, 11367.434210624999), (32, -0.0036337499986984767), (33, 50), (34, 34506.36348725312), (35, -0.0036337499986984767), (36, 10903.516), (37, 3850.9031542218772), (38, 788.7476960624999), (39, 52582.89473749999)]
R 28: [(1, '21'), (2, '1021'), (3, 'A00000000Z21'), (4, 47802.445), (6, 1500), (10, 49302.445), (12, 2390.12225), (13, 420), (14, 1740), (15, 1314.5672375), (16, 44752.32275), (17, 8208.496825), (18, 717.036675), (20, 2000), (24, -2400), (26, -107.55550124999999), (27, 5700.94132375), (28, 14282.667486249999), (29, 33519.77751375), (30, 6520.2445), (31, 10650.366750000001), (32, 0), (33, 50), (34, 33519.77751375), (35, 0), (36, 9253.36), (37, 3552.4186762500003), (38, 717.036675), (39, 47802.445), (40, 64365.5)]
R 29: [(1, '22'), (2, '1022'), (3, 'A00000000Z22'), (4, 47802.181875), (6, 1500), (10, 49302.181875), (12, 2390.1090937500003), (13, 420), (14, 1740), (15, 1314.5600015625), (16, 44752.072781250004), (17, 8208.421834375002), (18, 717.032728125), (24, -2400), (26, -107.55490921874998), (27, 5700.866925156251), (28, 12282.56874859375), (29, 35519.61312640625), (30, 6520.218187500001), (31, 10650.32728125), (32, 0), (33, 50), (34, 35519.61312640625), (35, 0), (36, 11256.427000000001), (37, 5555.56007484375), (38, 717.032728125), (39, 47802.181875), (40, 66387.0775), (41, -30867.46437359375)]
R 30: [(1, '23'), (3, 'A00000000Z23'), (4, 0), (10, 0), (16, 0), (17, 0), (18, 0), (27, 0), (28, 0), (29, 0), (32, 0), (33, 50), (36, 6229.957300000002), (37, 6229.957300000002), (38, -22.5), (39, 0), (40, 66365.4325), (41, -66365.4325), (43, 0), (45, 'Technical'), (46, 1), (47, 45417.75), (52, 0)]
R 31: [(1, '24'), (3, 'A00000000Z24'), (6, 0), (10, 0), (12, 0), (15, 0), (16, 0), (17, 0), (18, 0), (26, 0), (27, 0), (28, 0), (29, 0), (32, 0), (33, 50), (36, 6229.959100000002), (37, 6229.959100000002), (38, 0), (39, 0), (40, 60176.6775), (41, -60176.6775), (43, 0), (45, 'Technical'), (46, 1), (47, 45417.75), (52, 0)]
R 32: [(1, '25'), (2, '1025'), (3, 'A00000000Z25'), (4, 47802.181875), (6, 1493.181), (10, 49295.362875), (12, 0), (13, 420), (14, 1740), (15, 1314.5600015625), (16, 47135.362875), (17, 8923.4088625), (18, 717.032728125), (20, 0), (24, -4740), (26, -107.55490921874998), (27, 4075.8539532812506), (28, 8267.44668296875), (29, 39534.73519203125), (32, 0), (33, 50), (34, 39534.73519203125), (35, 0), (36, 6229.094200000001), (37, 2153.2402467187508), (38, 717.032728125), (39, 47802.181875), (40, 62954.93765), (41, -23420.20245796875), (43, -8252.7)]
R 33: [(1, '26'), (2, '1026'), (3, 'A00000000Z26'), (4, 44415.5), (6, 1500), (10, 45915.5), (12, 2220.775), (13, 420), (14, 1740), (15, 1221.42625), (16, 41534.725), (17, 7243.217499999999), (18, 666.2325), (20, 2500), (24, -2400), (26, -99.93487499999999), (27, 4743.282624999999), (28, 13511.716375), (29, 30903.783625), (30, 6181.55), (31, 10142.325), (32, 0), (33, 50), (34, 30903.783625), (35, 0), (36, 6146.17), (37, 1402.8873750000012), (38, 666.2325), (39, 44415.5), (40, 61304.6)]
R 34: [(1, '27'), (2, '1027'), (3, 'A00000000Z27'), (4, 44415.5), (6, 1500), (9, 0), (10, 45915.5), (12, 0), (13, 420), (14, 1740), (15, 1221.42625), (16, 43755.5), (17, 7909.45), (18, 666.2325), (24, -2400), (26, -99.93487499999999), (27, 5409.515125), (28, 9457.173874999999), (29, 34958.326125), (32, 0), (33, 50), (34, 34958.326125), (35, 0), (36, 0), (37, -5409.515125), (38, 666.2325), (39, 44415.5), (40, 34468.2), (41, 490.1261250000025), (43, -8252.6625)]
R 35: [(1, '28'), (2, '1028'), (3, 'A00000000Z28'), (4, 44415.5), (6, 1350), (10, 45765.5), (12, 0), (13, 420), (14, 1740), (15, 1221.42625), (16, 43605.5), (17, 7864.45), (18, 666.2325), (24, -2400), (26, -99.93487499999999), (27, 5364.515125), (28, 9412.173874999999), (29, 35003.326125), (32, 0), (33, 50), (34, 35003.326125), (35, 0), (38, 666.2325), (39, 44415.5), (40, 34468.2), (41, 535.1261250000025), (43, 0), (45, 'Technical'), (46, 1), (47, 42200)]
R 36: [(1, '29'), (2, '1029'), (3, 'A00000000Z29'), (4, 44415.5), (6, 1500), (10, 45915.5), (12, 0), (13, 420), (14, 1740), (15, 1221.42625), (16, 43755.5), (17, 7909.45), (18, 666.2325), (24, -2400), (26, -99.93487499999999), (27, 5409.515125), (28, 9457.173874999999), (29, 34958.326125), (32, 0), (33, 50), (34, 34958.326125), (35, 0), (40, 24918.2), (41, 10040.126124999999), (43, 0), (45, 'Technical'), (46, 1), (47, 42200), (52, 99.93487499999999)]
R 37: [(1, '30'), (3, 'A00000000Z30'), (4, 0), (6, 0), (10, 0), (16, 0), (17, 0), (18, 0), (26, 0), (27, 0), (28, 0), (29, 0), (32, 0), (33, 50), (34, 0), (35, 0), (40, 32918.2), (41, -32918.2), (43, 0), (45, 'Technical'), (46, 1), (47, 42200), (52, 0)]
R 38: [(1, '31'), (2, '1031'), (3, 'A00000000Z31'), (4, 143447.9878980078), (6, 2090.3999999999996), (10, 145538.3878980078), (11, 0), (12, 7172.39939490039), (13, 420), (14, 1740), (15, 3944.819667195214), (16, 136205.9885031074), (17, 35644.59655093221), (18, 2151.719818470117), (23, 15000), (24, -3000.15), (26, -322.75797277051754), (27, 32321.688578161695), (28, 62750.62745872742), (29, 80697.36043928037), (30, 16084.79878980078), (31, 24997.19818470117), (32, 0), (33, 50), (34, 80697.36043928037), (35, 0), (36, 29135.86035924999), (37, -3185.8282189117053), (38, 2151.719818470117), (39, 143447.9878980078)]
R 39: [(1, '32'), (2, '1032'), (3, 'A00000000Z32'), (4, 52450.94406234374), (6, 600), (7, 5437.215), (9, 10728.60219457031), (10, 69216.76125691405), (12, 2622.547203117187), (13, 420), (14, 1740), (15, 1442.400961714453), (16, 64434.214053796866), (17, 14113.064216139057), (18, 786.764160935156), (19, 15000), (22, 14683), (24, -2400), (26, -118.0146241402734), (27, 11595.049591998784), (28, 48289.76191776557), (29, 20326.999339148475), (30, 6985.094406234374), (31, 11347.641609351562), (32, 0), (33, 50), (34, 20326.99933914846), (35, 0), (36, 15963.727282), (37, 4368.6776900012155)]
R 40: [(1, '33'), (2, '1033'), (3, 'A00000000Z33'), (4, 60593.29904855389), (6, 600), (7, 5437.215), (9, 0), (10, 66630.51404855389), (12, 3029.6649524276945), (13, 420), (14, 1740), (15, 1666.315723835232), (16, 61440.84909612619), (17, 13215.054728837857), (18, 908.8994857283084), (24, -2400), (26, -136.33492285924626), (27, 10678.71980597861), (28, 18443.599967969843), (29, 47586.91408058404), (30, 7799.329904855389), (31, 12568.994857283084), (32, 0), (33, 50), (34, 47586.91408058404), (35, 0), (36, 11487.712268709998), (37, 808.9924627313885), (38, 990.4577107283083), (39, 66030.51404855389)]
R 41: [(1, '34'), (2, '1034'), (3, 'A00000000Z34'), (4, 45513.543955058754), (6, 600), (7, 5437.215), (9, 1163.6985670327522), (10, 52714.457522091514), (12, 2275.677197752938), (13, 420), (14, 1740), (15, 1251.6224587641157), (16, 48278.78032433858), (17, 9266.434097301568), (18, 682.7031593258814), (19, 26000), (23, 2000), (24, -2400), (26, -102.4054738988822), (27, 6764.028623402685), (28, 41134.03143924562), (29, 10980.426082845894), (30, 6291.354395505876), (31, 10307.031593258813), (32, 1.4551915228366852e-11), (33, 50), (34, 10980.42608284588), (35, 1.4551915228366852e-11), (36, 11374.751224258192), (37, 4610.722600855507)]
R 42: [(1, '35'), (2, '1035'), (3, 'A00000000Z35'), (4, 38081.26867612124), (6, 600), (7, 5437.215), (9, 0), (10, 44118.483676121235), (12, 1904.063433806062), (13, 420), (14, 1740), (15, 1047.234888593334), (16, 40054.42024231517), (17, 6799.126072694551), (18, 571.2190301418185), (19, 20000), (23, 4200), (24, -2400), (26, -85.68285452127277), (27, 4313.443218173278), (28, 34195.960570714495), (29, 9322.52310540674), (30, 5548.1268676121235), (31, 9192.190301418184), (32, 0), (33, 50), (34, 9322.52310540674), (35, 0), (36, 3834.2020404681616), (37, -479.24117770511657)]
R 43: [(1, '36'), (2, '1036'), (3, 'A00000000Z36'), (4, 41047.5), (6, 600), (7, 5437.215), (9, 0), (10, 47084.715), (12, 2052.375), (13, 420), (14, 1740), (15, 1128.80625), (16, 42872.34), (17, 7644.501999999999), (18, 615.7125), (19, 10000), (24, -2400), (26, -92.35687499999999), (27, 5152.145124999998), (28, 21109.038875), (29, 25375.676124999998), (30, 5844.75), (31, 9637.125), (32, 0), (33, 50), (34, 25375.676124999998), (35, 0), (36, 8400.807891999997), (37, 3248.662766999999), (38, 697.270725)]
R 44: [(1, '37'), (2, '1037'), (3, 'A00000000Z37'), (4, 44492.5), (6, 2100), (7, 5437.215), (9, 0), (10, 52029.715), (12, 2224.625), (13, 420), (14, 1740), (15, 1223.54375), (16, 47645.09), (17, 9076.326999999997), (18, 667.3874999999999), (19, 15000), (23, 6000), (24, -2774.25), (26, -100.10812499999999), (27, 6201.968874999998), (28, 33477.525125), (29, 16452.189874999996), (30, 6189.25), (31, 10153.875), (32, 0), (33, 50), (34, 16452.189874999996), (35, 0), (36, 5325.647248617508), (37, -876.3216263824897)]
R 45: [(1, '38'), (2, '1038'), (3, 'A00000000Z38'), (4, 35919.84375), (6, 600), (7, 5437.215), (9, 0), (10, 41957.05875), (12, 1795.9921875), (13, 420), (14, 1740), (15, 987.795703125), (16, 38001.0665625), (17, 6183.119968749999), (18, 538.7976562499999), (19, 10000), (24, -2400), (26, -80.81964843749999), (27, 3702.3003203124995), (28, 19184.8858671875), (29, 22172.172882812498), (30, 5331.984375), (31, 8867.9765625), (32, 0), (33, 50), (34, 22172.172882812494), (35, 0), (36, 6278.358181818181), (37, 2576.0578615056816), (38, 620.3558812499999)]
R 46: [(1, '39'), (2, '1039'), (3, 'A00000000Z39'), (4, 38942.49999999999), (6, 600), (7, 5437.215), (9, 2987.066761363636), (10, 47966.78176136363), (12, 1947.1249999999998), (13, 420), (14, 1740), (15, 1070.9187499999998), (16, 43859.65676136363), (17, 7940.6970284090885), (18, 584.1374999999999), (19, 20000), (22, 5833), (23, 4100), (24, -2400), (26, -87.62062499999999), (27, 5453.076403409089), (28, 41148.257653409084), (29, 6218.524107954545), (30, 5634.25), (31, 9321.375), (32, 7.275957614183426e-12), (33, 50), (34, 6218.524107954538), (35, 7.275957614183426e-12), (36, 11639.470251928406)]
R 47: [(1, '40'), (2, '1040'), (3, 'A00000000Z40'), (4, 46310), (6, 600), (7, 5437.215), (9, 0), (10, 52347.215), (12, 2315.5), (13, 420), (14, 1740), (15, 1273.525), (16, 47871.715), (17, 9144.314499999999), (18, 694.65), (19, 10000), (24, -2400), (26, -104.19749999999999), (27, 6640.116999999998), (28, 23083.792), (29, 28663.422999999995), (30, 6371), (31, 10426.5), (32, 0), (33, 50), (34, 28663.423), (35, 0), (36, 6541), (37, -99.11699999999837), (38, 776.208225)]
R 48: [(1, '41'), (2, '1041'), (3, 'A00000000Z41'), (4, 46310), (6, 600), (7, 5437.215), (9, 0), (10, 52347.215), (12, 2315.5), (13, 420), (14, 1740), (15, 1273.525), (16, 47871.715), (17, 9144.314499999999), (18, 694.65), (19, 10000), (23, 2000), (24, -2400), (26, -104.19749999999999), (27, 6640.116999999998), (28, 25083.792), (29, 26663.422999999995), (30, 6371), (31, 10426.5), (32, 0), (33, 50), (34, 26663.423), (35, 0), (36, 9189.099999999999), (37, 2548.983)]
R 49: [(1, '42'), (2, '1042'), (3, 'A00000000Z42'), (4, 37890), (6, 600), (7, 5437.215), (9, 968.7784090909091), (10, 44895.99340909091), (12, 1894.5), (13, 420), (14, 1740), (15, 1041.975), (16, 40841.49340909091), (17, 7035.248022727272), (18, 568.35), (19, 23000), (24, -2400), (26, -85.2525), (27, 4549.995522727272), (28, 33214.82052272728), (29, 11081.17288636363), (30, 5529), (31, 9163.5), (32, 0), (33, 50), (34, 11081.172886363638), (35, 0), (36, 4809.618181818181), (37, 259.6226590909091), (38, 664.4399011363636)]
R 50: [(1, '43'), (2, '1043'), (3, 'A00000000Z43'), (4, 55000), (5, 0), (6, 600), (7, 5437.215), (9, 0), (10, 61037.215), (12, 0), (13, 420), (14, 1740), (15, 1512.5), (16, 58877.215), (17, 12445.964499999998), (18, 825), (24, -2400), (26, -123.75), (27, 9922.214499999998), (28, 14419.714499999998), (29, 46017.500499999995), (32, 0), (33, 50), (34, 46017.500499999995), (35, 0), (37, -254423.02179171782), (38, 915.5582249999999), (39, 60437.215), (40, 31561.2), (41, 14456.300499999994)]
R 51: [(1, '44'), (2, '1044'), (3, 'A00000000Z44'), (4, 45000), (5, 0), (6, 600), (7, 5437.215), (9, 2301.1363636363635), (10, 53338.35136363636), (12, 0), (13, 420), (14, 1740), (15, 1237.5), (16, 51178.35136363636), (17, 10136.30540909091), (18, 674.9999999999999), (19, 25000), (20, 1000), (24, -2400), (26, -101.24999999999999), (27, 7635.05540909091), (28, 37707.55540909091), (29, 15030.795954545443), (32, 0), (33, 50), (34, 15030.79595454545), (35, 0), (43, -8040), (52, 101.24999999999999)]
R 52: [(1, '45'), (2, '1045'), (3, 'A00000000Z45'), (4, 24000), (5, 0), (6, 600), (9, 1227.2727272727275), (10, 25827.272727272728), (12, 0), (13, 420), (14, 1093.6363636363637), (15, 660), (16, 24313.636363636364), (17, 2478.159090909091), (18, 360), (19, 11000), (24, -2400), (26, -54), (27, 24.15909090909099), (28, 13557.795454545456), (29, 11669.477272727272), (32, 0), (33, 50), (34, 11669.477272727272), (35, 0), (39, 25227.272727272728), (52, 54)]
R 53: [(1, '46'), (2, '1046'), (3, 'A00000000Z46'), (4, 24000), (5, 0), (6, 600), (9, 3272.727272727273), (10, 27872.727272727272), (12, 0), (13, 420), (14, 1216.3636363636363), (15, 660), (16, 26236.363636363636), (17, 2958.840909090909), (18, 360), (19, 3000), (24, -2400), (26, -54), (27, 504.840909090909), (28, 6161.204545454545), (29, 21111.522727272728), (32, 0), (33, 50), (34, 21111.522727272728), (35, 0), (39, 27272.727272727272), (52, 54)]
R 54: [(1, '47'), (2, '1047'), (3, 'A00000000Z47'), (4, 24000), (5, 0), (6, 600), (9, 2454.545454545455), (10, 27054.545454545456), (12, 0), (13, 420), (14, 1167.2727272727273), (15, 660), (16, 25467.272727272728), (17, 2766.568181818182), (18, 360), (19, 8000), (24, -2400), (26, -54), (27, 312.568181818182), (28, 10919.840909090908), (29, 15534.704545454548), (32, 0), (33, 50), (34, 15534.704545454546), (35, 0), (39, 26454.545454545456), (52, 54)]
R 55: [(1, '48'), (2, '1048'), (3, 'A00000000Z48'), (4, 24000), (5, 0), (6, 600), (9, 1636.3636363636365), (10, 26236.363636363636), (12, 0), (13, 420), (14, 1118.181818181818), (15, 660), (16, 24698.181818181816), (17, 2574.295454545454), (18, 360), (24, -2400), (26, -54), (27, 120.29545454545405), (28, 2678.477272727272), (29, 22957.886363636364), (32, 0), (33, 50), (34, 22957.886363636364), (35, 0), (39, 25636.363636363636), (52, 54)]
R 56: [(1, '49'), (2, '1049'), (3, 'A00000000Z49'), (4, 24000), (5, 0), (6, 600), (9, 613.6363636363637), (10, 25213.636363636364), (12, 0), (13, 420), (14, 1056.8181818181818), (15, 660), (16, 23736.818181818184), (18, 360), (19, 8500), (28, 10996.818181818182), (29, 13616.818181818182), (32, 0), (33, 50), (34, 13616.818181818182), (35, 0), (39, 24613.636363636364), (52, 0)]
R 57: [(52, 0)]
R 58: [(2, 'Totals'), (4, 6061440.600220878), (5, 0), (6, 735284.2623999999), (7, 97869.86999999997), (8, 0), (9, 299309.7783502394), (10, 7193904.510971115), (11, 20548.04), (12, 251471.55694391014), (13, 19320), (14, 76992.27272727272), (15, 166689.61650607412), (16, 6846120.681299932), (17, 1813655.4920679391), (18, 90921.60900331315), (19, 282853.0024733832), (20, 23500), (21, 62499), (22, 76050), (23, 36900), (24, -116810.03), (25, 0), (26, -11693.379960496979), (27, 1685152.0821074417), (28, 2792897.1797613953), (29, 3665723.068809723), (30, 585199.1918345877), (31, 907378.7877518819), (32, -1598.4411074992677)]
R 60: [(9, 25227.272727272728), (10, 6458620.248571115), (11, 20548.04), (12, 754414.6708317304), (13, 38640), (14, 153984.54545454544), (15, 166689.61650607412), (16, 6846120.681299932), (17, 1813655.4920679391), (18, 90921.60900331315), (19, 282853.0024733832), (20, 23500), (21, 62499), (22, 76050), (23, 36900), (24, -116810.03), (25, 0), (27, 1685152.0856074416), (28, 3403845.9463369856), (29, 3665723.068809722), (30, 59160), (31, 295520.02010869165)]
R 61: [(4, ' '), (9, 'CHK'), (12, 185424.05538900057), (27, 0.003499999875202775), (28, 8143708.29), (29, 0), (30, 526039.1918345877)]
R 62: [(2, '1'), (3, 'Production-512'), (4, 1), (6, 1), (10, 735284.2624000004), (12, -6751.959999999999), (13, 720), (30, 591193.6458345877)]
R 63: [(2, '2'), (3, 'Finance'), (4, 4), (5, 2), (6, 2), (9, ' '), (12, -20255.879999999997), (30, 526039.1918345878), (31, 0)]
R 64: [(2, '3'), (3, 'General Manager'), (4, 1), (6, 1), (14, 385249.0909090909), (15, 166689.61650607412), (16, 6846120.681299932), (17, 1813655.4920679391), (18, 90921.60900331315), (19, 282853.0024733832), (20, 23500), (21, 62499), (22, 76050), (23, 36900), (24, -116810.03), (25, 0), (27, 1685152.0821074417), (28, 2792897.1797613953), (29, 3665723.068809723), (34, 3665723.068809722), (35, 7.275957614183426e-10)]
R 65: [(2, '4'), (3, 'TC'), (4, 9), (5, 2), (6, 6), (10, ' '), (12, 252219.59694391012)]
R 66: [(2, '5'), (3, 'TA'), (4, 12), (5, 6), (6, 9), (13, 38640), (14, 11520), (18, 181843.2180066263), (19, 95000), (27, 1710938.3741034947)]
R 67: [(2, '6'), (3, 'Production-511'), (4, 19), (5, 1), (6, 18), (12, 'Casuals'), (13, 1800), (14, 6690), (19, ' '), (22, 'MWANANCHI'), (23, 'CA'), (24, 'TOTAL'), (27, -25786.291996052954)]
R 68: [(4, 46), (5, 11), (6, 37), (10, ' '), (13, 40440), (17, 'AX'), (19, 2653029.2), (20, 'JKK'), (22, 34334), (23, 20833), (24, 55167)]
R 69: [(13, 80880), (14, 18210), (15, 99090), (19, 2589676.197526617), (20, 'MO'), (22, 0), (23, 20833), (24, 20833)]
R 70: [(14, 18210), (15, 0), (20, 'DMM'), (22, 14683), (24, 14683)]
R 71: [(3, 'Part time'), (9, 'Reconciliation'), (14, 2187.2727272727275), (20, 'VO'), (22, 0), (24, 0)]
R 72: [(9, 'Summary'), (10, 6458620.248571117), (11, 'Temp- 41500'), (14, 2432.7272727272725), (20, 'AS'), (22, 0), (24, 0), (34, ' ')]
R 73: [(4, 0), (9, 'Diff'), (10, 27353.827750239427), (11, 'OT -GL 41080'), (13, 27353.827750239427), (14, 2334.5454545454545), (20, 'AM'), (22, 5833), (24, 5833)]
R 74: [(9, 'Accrual'), (11, 'Bonus/Comm'), (13, 0), (14, 2236.363636363636), (20, 'CMB'), (22, 21200), (23, 20833), (24, 42033)]
R 75: [(3, 'TOTAL'), (4, 46), (9, 'TOTAL'), (10, 6431266.420820878), (13, 27353.827750239427), (14, 2113.6363636363635), (22, 76050), (23, 62499), (24, 138549)]
R 76: [(3, 'Male'), (4, 36), (5, 0.782608695652174), (9, 'AX'), (10, 6431266.42)]
R 77: [(3, 'Female'), (4, 10), (5, 0.21739130434782608), (9, 'Var'), (10, 0.0008208779618144035), (11, 63353.0024733832)]
R 78: [(4, 46), (5, 1), (7, 0)]
R 79: [(7, 'Bonus'), (9, 'Salary'), (35, ' ')]
R 80: [(2, 30313.936109333332), (3, 'Finance'), (4, 1397855.3009176452), (5, 0), (6, 1397855.3009176452), (7, 0), (9, 1397855.3009176452)]
R 81: [(3, 'Technical'), (4, 2225722.7935995664), (5, 68353.00247338321), (6, 2157369.7911261832), (7, 0), (9, 2157369.7911261832)]
R 82: [(3, 'OT'), (4, 0)]
R 83: [(3, 'AOT'), (4, 370229.11), (5, 0), (6, 370229.11), (7, 0), (9, 370229.11)]
R 84: [(3, 'General Manager'), (4, 497422.35060000024), (5, 0), (6, 497422.35060000024), (7, 0), (9, 497422.35060000024)]
R 85: [(3, 'Production'), (4, 949037.0101403245), (5, 214500), (6, 734537.0101403245), (7, 0), (9, 707183.1823900851)]
R 86: [(3, 'OT'), (4, 27353.827750239427), (6, 27353.827750239427)]
R 87: [(3, 'Production-OH'), (4, 398051.75285295275), (6, 398051.75285295275), (7, 0), (9, 398051.75285295275)]
R 88: [(3, "TA'S"), (4, 620301.9304606272), (5, 0), (6, 620301.9304606272), (7, 0), (9, 620301.9304606272)]
R 89: [(3, 'OT'), (4, 0)]
R 90: [(10, 0)]
R 91: [(4, 6485974.076321356), (5, 282853.0024733832), (6, 6203121.073847972), (7, 0), (9, 6148413.418347494)]
R 92: [(10, ' ')]
R 93: [(5, 6148413.418347494)]
R 95: [(7, 41000), (9, 'DR'), (10, 'CR')]
R 97: [(7, 41000), (9, 1397855.3009176452), (12, 121)]
R 98: [(7, 41000), (9, 248711.17530000012), (11, 1646566.4762176452), (12, 121), (15, '50% GM')]
R 99: [(7, 41000), (9, 2157369.7911261832), (11, 2157369.7911261832), (12, 204)]
R100: [(3, ' '), (7, 41000), (9, 370229.11), (11, 370229.11), (12, 205)]
R101: [(7, 41000), (9, 707183.1823900851), (11, 707183.1823900851), (12, 511)]
R102: [(7, 41000), (9, 398051.75285295275), (12, 512)]
R103: [(7, 41000), (9, 248711.17530000012), (11, 646762.9281529528), (12, 512), (14, 6148413.418347494), (15, '50% GM')]
R104: [(7, 41000), (9, 620301.9304606272), (11, 620301.9304606272), (12, 206), (15, 'TA')]
R105: [(6, 2), (7, 41770), (9, 4320), (10, 2160), (11, 2160), (12, 512)]
R106: [(6, 19), (7, 41770), (9, 37992.27272727273), (10, 18996.136363636364), (11, 18996.136363636364), (12, 511), (15, 'ps')]
R107: [(4, 11740), (5, 'Casuals=0'), (6, 0), (7, 41770), (9, 0), (10, 0), (11, 0), (12, 511), (15, 'Casual'), (16, 'Statutory')]
R108: [(4, 11740), (6, 4), (7, 41770), (9, 8640), (10, 4320), (11, 4320), (12, 121), (15, 'PS')]
R109: [(5, 0), (6, 8), (7, 41770), (9, 17280), (10, 8640), (11, 8640), (12, 204), (15, 'PS/TP')]
R110: [(5, 192624.54545454544), (6, 1), (7, 41770), (9, 2160), (10, 1080), (11, 1080), (12, 205)]
R111: [(5, 46), (6, 12), (7, 41770), (9, 25920), (12, 206), (15, 'TA')]
R112: [(10, 'EE-5%'), (11, 'ER-10%')]
R113: [(5, 4), (7, 41800), (9, 138698.08709176452), (10, 69349.04354588226), (11, 138698.08709176452), (12, 121)]
R114: [(5, 0.5), (7, 41800), (9, 22019.142000000007), (10, 11009.571000000004), (11, 22019.142000000007), (12, 121), (17, 160717.22909176454)]
R115: [(5, 7), (7, 41800), (9, 164717.3818599567), (10, 89858.69092997834), (11, 179717.3818599567), (12, 204)]
R116: [(5, 1), (7, 41800), (9, 31575), (10, 15787.5), (11, 31575), (12, 205)]
R117: [(5, 12), (7, 41800), (9, 63099.938739008554), (10, 31549.969369504277), (11, 63099.938739008554), (12, 511), (16, 'Pension fund')]
R118: [(5, 1), (7, 41800), (9, 39805.17528529528), (10, 19902.58764264764), (11, 39805.17528529528), (12, 512), (16, 175346.39727819595)]
R119: [(5, 0.5), (7, 41800), (9, 22019.142000000007), (10, 11009.571000000004), (11, 22019.142000000007), (12, 512), (16, 270519.5959172939), (17, 61824.317285295285)]
R120: [(5, 8), (7, 41800), (9, 44105.32485856274), (10, 22052.66242928137), (11, 44105.32485856274), (12, 206), (16, 541039.1918345878), (17, 285519.5959172939)]
R121: [(5, 34), (6, 8), (7, 'STUDY-41500'), (9, 400), (10, 396637.7485856273), (12, 204), (16, -95820.00000000012)]
R122: [(6, 1), (7, 'STUDY-41500'), (9, 50), (10, 39663.774858562734), (12, 205)]
R123: [(6, 4), (7, 'STUDY-41500'), (9, 200), (12, 121), (16, ' ')]
R124: [(5, 'Casuals=0'), (6, 19), (7, 'STUDY-41500'), (9, 950), (12, 511)]
R125: [(6, 2), (7, 'STUDY-41500'), (9, 100), (12, 512)]
R126: [(5, 46), (6, 12), (7, 'STUDY-41500'), (9, 600), (12, 206), (15, 'TA')]
R127: [(7, 41100), (9, 27353.827750239427), (12, 511), (15, 'OT')]
R128: [(7, 41100), (9, 0), (12, 206), (15, 'TA')]
R129: [(7, '45229'), (12, 511)]
R130: [(1, '1'), (2, 'Redbad Verduijn'), (7, 41100), (9, 0), (12, 204)]
R131: [(1, '2'), (2, 'Ivy Atieno'), (7, 41100), (12, 511), (15, 'OT')]
R132: [(1, '3'), (2, 'Keziah Kiarie'), (7, '41051'), (9, 0), (12, 121), (15, 'BNS')]
R133: [(7, '41051'), (9, 0), (12, 121), (15, '50% GM')]
R134: [(7, '41051/41090'), (9, 0), (12, 204), (15, 'BNS')]
R135: [(7, '41051'), (9, 0), (12, 206), (15, 'TA')]
R136: [(7, 41051), (9, 0), (12, 205)]
R137: [(7, '41051'), (9, 0), (12, 511), (15, 'BNS')]
R138: [(7, 41051), (9, 0), (12, 512), (15, 'BNS')]
R139: [(7, 41051), (9, 0), (12, 512), (15, '50% GM')]
R140: [(5, 'Housing levy'), (6, 2), (7, 41770), (9, 12576.518892794295), (12, 512)]
R141: [(6, 19), (7, 41770), (9, 12764.990810851281), (12, 511)]
R142: [(5, 'Casuals=0'), (6, 0), (7, 41770), (9, 0), (12, 511)]
R143: [(6, 4), (7, 41770), (9, 20804.713063764677), (12, 121)]
R144: [(5, 90921.60900331315), (6, 8), (7, 41770), (9, 30700.8572789935), (12, 204)]
R145: [(6, 1), (7, 41770), (9, 4747.5), (12, 205)]
R146: [(5, 46), (6, 12), (7, 41770), (9, 9327.02895690941), (12, 206)]
R152: [(7, 42230)]
R153: [(7, 7520)]
R154: [(7, 7520), (13, 'Accrue'), (14, 'Paid')]
R155: [(7, '11500'), (10, 3665723.068809723), (11, 'NET SALARY')]
R156: [(7, '11500'), (10, 74304.54545454544), (11, 'NSSF'), (14, 74304.54545454544), (15, 50610), (16, 23694.54545454544)]
R157: [(7, 11500), (10, 9000), (11, 'PRS 90000/11067')]
R158: [(7, 11500), (10, 23500), (11, 'HELB'), (13, 'HELB')]
R159: [(7, 11500), (10, 76050), (11, 'LOANS'), (13, 'LOANS')]
R160: [(7, '11500'), (10, 36900), (11, 'SACCO'), (13, 'SACCO')]
R161: [(7, 11500), (10, 907378.7877518819), (11, 'PENSION CO'), (13, 'PENSION')]
R162: [(7, 11500), (13, 'TIER 2')]
R163: [(7, 18150), (10, 166689.61650607412), (11, 'SHIF'), (14, 166689.61650607412)]
R164: [(7, 18150), (10, 1685152.0821074417), (11, 'NET SALARY'), (13, 'PAYE')]
R165: [(7, 18150), (10, 2300), (11, 'NITA'), (13, 'NITA'), (14, 2300)]
R166: [(7, 18150), (10, 181843.2180066263), (11, 'AHL'), (13, 'AHL')]
R167: [(7, 14320), (10, 62499)]
R169: [(9, 6891340.319662906), (10, 6891340.318636293)]
R171: [(10, 0.001026613637804985), (11, 87666)]
R172: [(7, 'AX'), (11, 13361.454545454559)]
R174: [(10, 6061440.600220878)]
R175: [(9, 'AHL'), (10, 90921.60900331315)]
R176: [(9, 'NSSF'), (10, 96312.27272727272)]
R177: [(9, 'NITA'), (10, 2300)]
R178: [(9, 'PENSION'), (10, 585199.1918345877)]
R180: [(10, 6836173.673786051)]
R181: [(10, 400000)]
R182: [(10, 7236173.673786051)]
R183: [(10, 5551021.591678609)]


